  01 20050401 012757 012318 ALABAMA
  02 20050401 014635 014635 ALASKA
  03 20050401 012868 012435 ARIZONA
  04 20050401 012757 012318 ARKANSAS
  05 20050401 013700 013327 CALIFORNIA
  06 20050401 012821 012386 COLORADO
  07 20050401 013602 013222 CONNECTICUT
  08 20050401 012876 012444 DELAWARE
  10 20050401 012775 012337 FLORIDA
  11 20050401 012757 012318 GEORGIA
  12 20050401 014040 013692 HAWAII
  13 20050401 012783 012345 IDAHO
  14 20050401 012757 012318 ILLINOIS
  15 20050401 012757 012318 INDIANA
  16 20050401 012757 012318 IOWA
  17 20050401 012757 012318 KANSAS
  18 20050401 012757 012318 KENTUCKY
  19 20050401 012757 012318 LOUISIANA
  20 20050401 012757 012318 MAINE
  21 20050401 013027 012608 MARYLAND
  22 20050401 013599 013219 MASSACHUSETTS
  23 20050401 013298 012897 MICHIGAN
  24 20050401 012757 012318 MINNESOTA
  25 20050401 012757 012318 MISSISSIPPI
  26 20050401 012757 012318 MISSOURI
  27 20050401 012787 012350 MONTANA
  28 20050401 012757 012318 NEBRASKA
  29 20050401 013320 012920 NEVADA
  30 20050401 013224 012818 NEW HAMPSHIRE
  32 20050401 012868 012436 NEW MEXICO
  33 20050401 012778 012340 NEW YORK
  34 20050401 012757 012318 NORTH CAROLINA
  35 20050401 012770 012331 NORTH DAKOTA
  36 20050401 012866 012434 OHIO
  37 20050401 012757 012318 OKLAHOMA
  38 20050401 013266 012864 OREGON
  39 20050401 013254 012848 PENNSYLVANIA
  40 20050401 012757 012318 PUERTO RICO
  41 20050401 013086 012669 RHODE ISLAND
  42 20050401 012757 012318 SOUTH CAROLINA
  43 20050401 012757 012318 SOUTH DAKOTA
  44 20050401 012757 012318 TENNESSEE
  45 20050401 012757 012318 TEXAS
  46 20050401 012856 012424 UTAH
  47 20050401 012757 012318 VERMONT
  48 20050401 012757 012318 VIRGIN ISLANDS
  49 20050401 012757 012318 VIRGINIA
  50 20050401 013135 012721 WASHINGTON
  51 20050401 012843 012409 WEST VIRGINIA
  52 20050401 012757 012318 WISCONSIN
  53 20050401 013129 012715 WYOMING
  55 20050401 013700 013327 CALIFORNIA
  67 20050401 012757 012318 TEXAS
  68 20050401 012775 012337 FLORIDA
  69 20050401 012775 012337 FLORIDA
  70 20050401 012757 012318 KANSAS
  71 20050401 012757 012318 LOUISIANA
  72 20050401 012866 012434 OHIO
  73 20050401 013254 012848 PENNSYLVANIA
  74 20050401 012757 012318 TEXAS
  75 20050401 013700 013327 CALIFORNIA
  76 20050401 012757 012318 IOWA
  77 20050401 012757 012318 MINNESOTA
  78 20050401 012757 012318 ILLINOIS
  80 20050401 013027 012608 MARYLAND
0040 20050401 012758 012318 ABILENE
0060 20050401 012757 012318 AGUADILLA
0080 20050401 013739 013368 AKRON
0120 20050401 012757 012318 ALBANY
0160 20050401 012993 012570 ALBANY-SCHENECTADY-TROY
0200 20050401 013560 013177 ALBUQUERQUE
0220 20050401 012970 012546 ALEXANDRIA
0240 20050401 013475 013087 ALLENTOWN-BETHLEHEM
0280 20050401 013379 012984 ALTOONA
0320 20050401 013003 012580 AMARILLO
0360 20050401 014572 014264 ANAHEIM-SANTA ANA
0380 20050401 014635 014635 ANCHORAGE
0400 20050401 013174 012763 ANDERSON
0405 20050401 012757 012318 ANDERSON
0440 20050401 014580 014271 ANN ARBOR
0450 20050401 012757 012318 ANNISTON
0460 20050401 013260 012856 APPLETON-OSHKOSH-NEENAH
0470 20050401 012757 012318 ARECIBO
0480 20050401 013057 012639 ASHEVILLE
0500 20050401 012757 012318 ATHENS
0520 20050401 013007 012584 ATLANTA
0560 20050401 013472 013082 ATLANTIC CITY
0600 20050401 013008 012585 AUGUSTA
0620 20050401 014021 013670 AURORA-ELGIN
0640 20050401 013514 013129 AUSTIN
0680 20050401 014164 013825 BAKERSFIELD
0720 20050401 013855 013493 BALTIMORE
0733 20050401 012934 012509 BANGOR
0760 20050401 013180 012771 BATON ROUGE
0780 20050401 013405 013011 BATTLE CREEK
0840 20050401 013085 012667 BEAUMONT-PORT ARTHUR
0845 20050401 013852 013489 BEAVER COUNTY
0860 20050401 013287 012885 BELLINGHAM
0870 20050401 012757 012318 BENTON HARBOR
0875 20050401 014222 014071 BERGEN-PASSAIC
0880 20050401 013216 012808 BILLINGS
0920 20050401 012757 012318 BILOXI-GULFPORT
0960 20050401 013000 012577 BINGHAMTON
1000 20050401 013183 012773 BIRMINGHAM
1010 20050401 013064 012647 BISMARCK
1020 20050401 012978 012554 BLOOMINGTON
1040 20050401 012969 012545 BLOOMINGTON-NORMAL
1080 20050401 013523 013139 BOISE CITY
1123 20050401 013945 013589 BOSTON-SALEM-BROCKTON
1125 20050401 014062 013715 BOULDER-LONGMONT
1140 20050401 012879 012447 BRADENTON
1145 20050401 013402 013008 BRAZORIA
1150 20050401 012914 012487 BREMERTON
1163 20050401 014149 013808 BRIDGEPORT-NORWALK-DANBURY
1240 20050401 012979 012556 BROWNSVILLE-HARLINGEN
1260 20050401 012868 012437 BRYAN-COLLEGE STATION
1280 20050401 013355 012959 BUFFALO
1300 20050401 012757 012318 BURLINGTON
1303 20050401 013137 012724 BURLINGTON
1310 20050401 012757 012318 CAGUAS
1320 20050401 013151 012740 CANTON
1350 20050401 013629 013252 CASPER
1360 20050401 013105 012692 CEDAR RAPIDS
1400 20050401 013339 012939 CHAMPAIGN-URBANA-RANTOUL
1440 20050401 013144 012733 CHARLESTON
1480 20050401 013586 013206 CHARLESTON
1520 20050401 012979 012557 CHARLOTTE-ROCK HILL
1540 20050401 013315 012915 CHARLOTTESVILLE
1560 20050401 013245 012839 CHATTANOOGA
1580 20050401 013121 012706 CHEYENNE
1600 20050401 014279 013948 CHICAGO
1620 20050401 013953 013598 CHICO
1640 20050401 013722 013350 CINCINNATI
1660 20050401 012757 012318 CLARKSVILLE-HOPKINSVILLE
1680 20050401 014166 013827 CLEVELAND
1720 20050401 013583 013203 COLORADO SPRINGS
1740 20050401 014008 013656 COLUMBIA
1760 20050401 013043 012624 COLUMBIA
1800 20050401 012815 012379 COLUMBUS
1840 20050401 013412 013019 COLUMBUS
1880 20050401 013152 012741 CORPUS CHRISTI
1900 20050401 012822 012387 CUMBERLAND
1920 20050401 013447 013056 DALLAS
1950 20050401 012757 012318 DANVILLE
1960 20050401 013312 012911 DAVENPORT-MOLINE
2000 20050401 013782 013414 DAYTON-SPRINGFIELD
2020 20050401 012785 012347 DAYTONA BEACH
2040 20050401 013169 012757 DECATUR
2080 20050401 014360 014035 DENVER
2120 20050401 013521 013136 DES MOINES
2160 20050401 014303 013973 DETROIT
2180 20050401 012757 012318 DOTHAN
2200 20050401 013263 012861 DUBUQUE
2240 20050401 013010 012588 DULUTH
2290 20050401 012884 012453 EAU CLAIRE
2320 20050401 012841 012408 EL PASO
2330 20050401 012930 012501 ELKHART-GOSHEN
2335 20050401 013263 012860 ELMIRA
2340 20050401 012951 012524 ENID
2360 20050401 013182 012774 ERIE
2400 20050401 013337 012937 EUGENE-SPRINGFIELD
2440 20050401 013410 013016 EVANSVILLE
2520 20050401 013383 012988 FARGO-MOORHEAD
2560 20050401 012757 012318 FAYETTEVILLE
2580 20050401 012757 012318 FAYETTEVILLE-SPRINGDALE
2640 20050401 014183 013845 FLINT
2650 20050401 012757 012318 FLORENCE
2655 20050401 012757 012318 FLORENCE
2670 20050401 013149 012738 FORT COLLINS-LOVELAND
2680 20050401 013723 013351 FT LAUDERDALE-POMPANO BEACH
2700 20050401 012973 012549 FORT MYERS-CAPE CORAL
2710 20050401 013009 012587 FORT PIERCE
2720 20050401 012897 012467 FORT SMITH
2750 20050401 012757 012318 FORT WALTON BEACH
2760 20050401 012932 012505 FORT WAYNE
2800 20050401 013306 012904 FORT WORTH-ARLINGTON
2840 20050401 014209 013872 FRESNO
2880 20050401 012848 012417 GADSDEN
2900 20050401 013025 012606 GAINESVILLE
2920 20050401 013786 013420 GALVESTON-TEXAS CITY
2960 20050401 013847 013485 GARY-HAMMOND
2975 20050401 012898 012468 GLENS FALLS
2985 20050401 012926 012498 GRAND FORKS
3000 20050401 013341 012944 GRAND RAPIDS
3040 20050401 013209 012801 GREAT FALLS
3060 20050401 013434 013043 GREELEY
3080 20050401 013334 012933 GREEN BAY
3120 20050401 012967 012542 GREENSBORO-WINSTON SALEM-HIGH PT
3160 20050401 013015 012595 GREENVILLE-SPARTANBURG
3180 20050401 013279 012878 HAGERSTOWN
3200 20050401 013487 013098 HAMILTON-MIDDLETOWN
3240 20050401 013392 012997 HARRISBURG-LEBANON-CARLISLE
3283 20050401 014038 013690 HARTFORD-NEW BRITAIN-BRISTOL
3290 20050401 012757 012318 HICKORY
3320 20050401 014173 013834 HONOLULU
3350 20050401 012802 012366 HOUMA-THIBODAUX
3360 20050401 013724 013353 HOUSTON
3400 20050401 013011 012588 HUNTINGTON-ASHLAND
3440 20050401 012757 012318 HUNTSVILLE
3480 20050401 013516 013130 INDIANAPOLIS
3500 20050401 014323 014037 IOWA CITY
3520 20050401 013443 013053 JACKSON
3560 20050401 012882 012451 JACKSON
3580 20050401 012757 012318 JACKSON
3600 20050401 013077 012658 JACKSONVILLE
3605 20050401 012775 012337 JACKSONVILLE
3620 20050401 012839 012405 JANESVILLE-BELOIT
3640 20050401 013846 013484 JERSEY CITY
3660 20050401 012757 012318 JOHNSON CITY-BRISTOL
3680 20050401 013336 012936 JOHNSTOWN
3690 20050401 014066 013719 JOLIET
3710 20050401 012797 012361 JOPLIN
3720 20050401 014325 013998 KALAMAZOO
3740 20050401 013084 012666 KANKAKEE
3760 20050401 013322 012921 KANSAS CITY
3800 20050401 013739 013369 KENOSHA
3810 20050401 012812 012375 KILLEEN-TEMPLE
3840 20050401 012783 012345 KNOXVILLE
3850 20050401 013239 012834 KOKOMO
3870 20050401 013100 012687 LA CROSSE
3880 20050401 013284 012883 LAFAYETTE
3920 20050401 012865 012433 LAFAYETTE
3960 20050401 013017 012597 LAKE CHARLES
3965 20050401 014141 013798 LAKE COUNTY
3980 20050401 012757 012318 LAKELAND-WINTER HAVEN
4000 20050401 013538 013154 LANCASTER
4040 20050401 013598 013218 LANSING-EAST LANSING
4080 20050401 012757 012318 LAREDO
4100 20050401 012757 012318 LAS CRUCES
4120 20050401 014101 013758 LAS VEGAS
4150 20050401 013182 012773 LAWRENCE
4200 20050401 013027 012608 LAWTON
4243 20050401 012839 012406 LEWISTON-AUBURN
4280 20050401 013021 012601 LEXINGTON-FAYETTE
4320 20050401 013329 012929 LIMA
4360 20050401 012996 012572 LINCOLN
4400 20050401 013596 013217 LITTLE ROCK-N LITTLE ROCK
4420 20050401 012757 012318 LONGVIEW-MARSHALL
4440 20050401 013422 013030 LORAIN-ELYRIA
4480 20050401 014635 014502 LOS ANGELES-LONG BEACH
4520 20050401 013440 013050 LOUISVILLE
4600 20050401 012987 012563 LUBBOCK
4640 20050401 012800 012363 LYNCHBURG
4680 20050401 012946 012519 MACON-WARNER ROBINS
4720 20050401 013545 013163 MADISON
4763 20050401 013120 012704 MANCHESTER-NASHUA
4800 20050401 013040 012620 MANSFIELD
4840 20050401 012757 012318 MAYAGUEZ
4880 20050401 012757 012318 MCALLEN-EDINBURG-MISSION
4890 20050401 013300 012899 MEDFORD
4900 20050401 013019 012599 MELBOURNE-TITUSVILLE
4920 20050401 013510 013123 MEMPHIS
4940 20050401 013845 013483 MERCED
5000 20050401 013847 013485 MIAMI-HIALEAH
5015 20050401 013487 013099 MIDDLESEX-HUNTERDON
5040 20050401 013510 013124 MIDLAND
5080 20050401 013675 013302 MILWAUKEE
5120 20050401 013611 013233 MINNEAPOLIS-ST PAUL
5160 20050401 012900 012470 MOBILE
5170 20050401 013805 013441 MODESTO
5190 20050401 013308 012906 MONMOUTH-OCEAN
5200 20050401 012918 012490 MONROE
5240 20050401 013014 012592 MONTGOMERY
5280 20050401 013136 012722 MUNCIE
5320 20050401 013168 012757 MUSKEGON
5345 20050401 013055 012635 NAPLES
5360 20050401 013271 012870 NASHVILLE
5380 20050401 014635 014435 NASSAU-SUFFOLK
5403 20050401 013179 012770 NEW BEDFORD-FALL RIVER-ATTELBORO
5483 20050401 013750 013380 NEW HAVEN-WATERBURY-MERIDEN
5523 20050401 013724 013352 NEW LONDON-NORWICH
5560 20050401 013068 012650 NEW ORLEANS
5600 20050401 014635 014635 NEW YORK
5640 20050401 014109 013767 NEWARK
5700 20050401 013031 012611 NIAGARA FALLS
5720 20050401 012967 012542 NORFOLK-NEWPORT NEWS
5775 20050401 014635 014592 OAKLAND
5790 20050401 012879 012448 OCALA
5800 20050401 012963 012538 ODESSA
5880 20050401 013467 013078 OKLAHOMA CITY
5910 20050401 013549 013166 OLYMPIA
5920 20050401 013299 012898 OMAHA
5950 20050401 013246 012839 ORANGE COUNTY
5960 20050401 013246 012839 ORLANDO
5990 20050401 012757 012318 OWENSBORO
6000 20050401 014628 014505 OXNARD-VENTURA
6015 20050401 012757 012318 PANAMA CITY
6020 20050401 013089 012673 PARKERSBURG-MARIETTA
6025 20050401 013550 013167 PASCAGOULA
6080 20050401 012826 012391 PENSACOLA
6120 20050401 013683 013310 PEORIA
6160 20050401 014148 013807 PHILADELPHIA
6200 20050401 013796 013432 PHOENIX
6240 20050401 012757 012318 PINE BLUFF
6280 20050401 013869 013509 PITTSBURGH
6323 20050401 013387 012991 PITTSFIELD
6360 20050401 012757 012318 PONCE
6403 20050401 013296 012894 PORTLAND
6440 20050401 013991 013640 PORTLAND
6453 20050401 012829 012395 PORTSMOUTH-DOVER-ROCHESTER
6460 20050401 013584 013203 POUGHKEEPSIE
6483 20050401 013458 013069 PROVIDENCE-PAWTUCKET-WOONSOCKET
6520 20050401 013042 012622 PROVO-OREM
6560 20050401 013723 013352 PUEBLO
6600 20050401 012952 012526 RACINE
6640 20050401 013293 012890 RALEIGH-DURHAM
6660 20050401 012878 012447 RAPID CITY
6680 20050401 013316 012915 READING
6690 20050401 013898 013539 REDDING
6720 20050401 014432 014252 RENO
6740 20050401 013196 012789 RICHLAND-KENNEWICK
6760 20050401 012976 012553 RICHMOND-PETERSBURG
6780 20050401 014365 014040 RIVERSIDE-SAN BERNARDINO
6800 20050401 013033 012613 ROANOKE
6820 20050401 013423 013031 ROCHESTER
6840 20050401 013450 013060 ROCHESTER
6880 20050401 013662 013285 ROCKFORD
6920 20050401 014416 014112 SACRAMENTO
6960 20050401 013822 013457 SAGINAW-BAY CITY- MIDLAND
6980 20050401 012955 012529 ST CLOUD
7000 20050401 013219 012812 ST JOSEPH
7040 20050401 013507 013121 ST LOUIS
7080 20050401 013670 013296 SALEM
7120 20050401 014409 014088 SALINAS-SEASIDE-MONTEREY
7160 20050401 013127 012713 SALT LAKE CITY-OGDEN
7200 20050401 012757 012318 SAN ANGELO
7240 20050401 012930 012503 SAN ANTONIO
7320 20050401 014475 014204 SAN DIEGO
7360 20050401 014635 014592 SAN FRANCISCO
7400 20050401 014635 014568 SAN JOSE
7440 20050401 012757 012318 SAN JUAN
7480 20050401 013914 013558 SANTA BARBARA-LOMPOC
7485 20050401 014064 013718 SANTA CRUZ
7490 20050401 012981 012559 SANTA FE
7500 20050401 014635 014559 SANTA ROSA-PETALUMA
7510 20050401 013198 012790 SARASOTA
7520 20050401 012972 012548 SAVANNAH
7560 20050401 013366 012970 SCRANTON-WILKES BARRE
7600 20050401 013687 013314 SEATTLE
7610 20050401 013208 012800 SHARON
7620 20050401 012928 012501 SHEBOYGAN
7640 20050401 012757 012318 SHERMAN-DENISON
7680 20050401 013323 012923 SHREVEPORT
7720 20050401 013247 012840 SIOUX CITY
7760 20050401 013062 012644 SIOUX FALLS
7800 20050401 013013 012592 SOUTH BEND-MISHAWAKA
7840 20050401 013838 013475 SPOKANE
7880 20050401 013727 013356 SPRINGFIELD
7920 20050401 012948 012521 SPRINGFIELD
8003 20050401 013339 012939 SPRINGFIELD
8050 20050401 013791 013425 STATE COLLEGE
8080 20050401 013146 012735 STEUBENVILLE-WEIRTON
8120 20050401 014635 014506 STOCKTON
8160 20050401 014136 013977 SYRACUSE
8200 20050401 013653 013276 TACOMA
8240 20050401 012991 012567 TALLAHASSE
8280 20050401 013227 012821 TAMPA-ST PETERSBURG-CLEARWATER
8320 20050401 012757 012318 TERRE HAUTE
8360 20050401 013559 013175 TEXARKANA
8400 20050401 014091 013745 TOLEDO
8440 20050401 013589 013210 TOPEKA
8480 20050401 013566 013182 TRENTON
8520 20050401 013402 013007 TUCSON
8560 20050401 013331 012930 TULSA
8600 20050401 013386 012991 TUSCALOOSA
8640 20050401 013217 012809 TYLER
8680 20050401 013041 012622 UTICA-ROME
8720 20050401 014635 014618 VALLEJO-FAIRFIELD-NAPA
8725 20050401 013912 013553 VANCOUVER
8750 20050401 012757 012318 VICTORIA
8760 20050401 013248 012841 VINELAND-MILLVILLE-BRIDGETON
8780 20050401 014202 014048 VISALIA-PORTERVILLE
8800 20050401 012781 012343 WACO
8840 20050401 014174 013835 WASHINGTON
8920 20050401 012950 012524 WATERLOO-CEDAR FALLS
8940 20050401 013090 012674 WAUSAU
8960 20050401 013184 012775 WEST PALM & DELRAY BEACH
9000 20050401 013183 012774 WHEELING
9040 20050401 013667 013293 WICHITA
9080 20050401 012757 012318 WICHITA FALLS
9140 20050401 013024 012604 WILLIAMSPORT
9160 20050401 013671 013297 WILMINGTON
9200 20050401 012874 012442 WILMINGTON
9243 20050401 013243 012837 WORCESTER-LEOMINSTER
9260 20050401 013224 012818 YAKIMA
9280 20050401 013245 012839 YORK
9320 20050401 013725 013354 YOUNGSTOWN-WARREN
9340 20050401 013702 013329 YUBA CITY
